2.22.233.255,London,GBR
8.8.8.8,Mountain View,USA
1.1.1.1,Sydney,AUS
